110011100111000001111100000001000011111000011111100000000010000011001111100001 
100010000010011111000100000000000001001111100000111110001000000000000000001000 
111110010000001100001111100011000000000100111110011100111000111000001000111000 
001111100000111110010000011111000110011111100001111000001111000001110011111100 
001111000110011100000111000100011111000001111100100000110000000111000001110001 
111100011111000111000001000001000011000111110001000001000000011100000111001000 
111110001111000001111000011111100001111110000011110000000000000000011110000011 
100111000011110011111000111110001111100000100000000000000000000000111110001110 
000001110000011100011100111110001000100000000011100001111100110000000010011111 
000111100000111100111100010011100000111110000011111001100111100010001111000000 
000001000111110010000010011110011001110001000111110001100000100011111000011110 
011100111111000111100000111100011111000000011110000011100100001111000100011111 
001100011111000111100000111001110001100111100100000000000000011111000001111100 
010010000011100001111100100000100011100000111000110011110001001111110001100000 
111100011111000111100000111001000011110001001111100000111110000000011110000011 
110000000000000000111000001110000011000001100000111000111000001100111110000111 
111001001110000011111000001100011000001001111110000011100110011111000000000111 
000001110000111100001100 
